cam0:
  T_cam_imu:
  - [0.0257380816981555, -0.9989732199255893, -0.03728346848133185, 0.010572513600374981]
  - [-0.07571217524765006, 0.03524072735590145, -0.9965067775257203, 0.013569522384140453]
  - [0.9967974807701749, 0.02847098535222148, -0.0747274067749269, -0.1456476914217238]
  - [0.0, 0.0, 0.0, 1.0]
  cam_overlaps: []
  camera_model: pinhole
  distortion_coeffs: [-0.043664708631641166, 0.04938844105581981, -0.0012452610881991694, 0.0018078609129771345]
  distortion_model: radtan
  intrinsics: [542.3916035462736, 541.7526038145145, 324.9470631967911, 230.9490635052305]
  resolution: [640, 480]
  rostopic: /mono_camera/image_raw
  timeshift_cam_imu: -0.008064433744960802
