%YAML:1.0
---
# ===================================================================================
# VINS-Fusion Camera Intrinsic File
# ===================================================================================
model_type: PINHOLE
camera_name: camera
image_width: 640
image_height: 480
distortion_parameters:
  k1: -0.043664708631641166
  k2: 0.04938844105581981
  p1: -0.0012452610881991694
  p2: 0.0018078609129771345
projection_parameters:
  fx: 542.3916035462736
  fy: 541.7526038145145
  cx: 324.9470631967911
  cy: 230.9490635052305
