cam0:
  T_cam_imu:
  - [-0.015580737061503702, 0.9996970908603418, 0.019051696984563937, -1.5103955158782721e-05]
  - [-0.005412147768467657, 0.018969410588115132, -0.9998054161277952, -0.00011594530863188437]
  - [-0.9998639653918697, -0.015680815900674994, 0.0051149509808582905, -6.148983300307142e-06]
  - [0.0, 0.0, 0.0, 1.0]
  cam_overlaps: []
  camera_model: pinhole
  distortion_coeffs: [-0.04477364638622963, 0.05215937066250272, 0.00010674030433714083, 0.00020192851520704948]
  distortion_model: radtan
  intrinsics: [557.8161919015545, 555.9753196049822, 315.3894152193359, 229.3646991133702]
  resolution: [640, 480]
  rostopic: /mono_camera/image_raw
  timeshift_cam_imu: -0.019368745567982206
