%YAML:1.0

#--------------------------------------------------------------------------------------------
# Camera Parameters
#--------------------------------------------------------------------------------------------
Camera.type: "PinHole"
Camera.fx: 542.3916035462736
Camera.fy: 541.7526038145145
Camera.cx: 324.9470631967911
Camera.cy: 230.9490635052305
Camera.k1: -0.043664708631641166
Camera.k2: 0.04938844105581981
Camera.p1: -0.0012452610881991694
Camera.p2: 0.0018078609129771345
Camera.width: 640
Camera.height: 480
Camera.fps: 29.5

#--------------------------------------------------------------------------------------------
# IMU Parameters
#--------------------------------------------------------------------------------------------
# NON-STANDARD (direct Kalibr output, T_cam_imu): Transformation from IMU to Camera frame.
# Tbc: !!opencv-matrix
#    rows: 4
#    cols: 4
#    dt: f
#    data: [  0.02573808,  -0.99897322,  -0.03728347,   0.01057251,
#            -0.07571218,   0.03524073,  -0.99650678,   0.01356952,
#             0.99679748,   0.02847099,  -0.07472741,  -0.14564769,
#             0.00000000,   0.00000000,   0.00000000,   1.00000000]

# STANDARD ORB-SLAM3 (inverse of Kalibr, T_b_c): Transformation from Camera to IMU frame.
Tbc: !!opencv-matrix
   rows: 4
   cols: 4
   dt: f
   data: [  0.02573808,  -0.07571218,   0.99679748,   0.14593651,
           -0.99897322,   0.03524073,   0.02847099,   0.01423019,
           -0.03728347,  -0.99650678,  -0.07472741,   0.00303243,
            0.00000000,   0.00000000,   0.00000000,   1.00000000]
Camera.RGB: 0
IMU.NoiseGyro: 0.00015399338188738134
IMU.NoiseAcc: 0.0020636020004597836
IMU.GyroWalk: 1.092638250006621e-06
IMU.AccWalk: 3.520072242553238e-05

#--------------------------------------------------------------------------------------------
# ORB Extractor Parameters
#--------------------------------------------------------------------------------------------
IMU.Frequency: 200.0
ORBextractor.nFeatures: 1000
ORBextractor.scaleFactor: 1.2
ORBextractor.nLevels: 8
ORBextractor.iniThFAST: 20

#--------------------------------------------------------------------------------------------
# Viewer Parameters
#--------------------------------------------------------------------------------------------
ORBextractor.minThFAST: 7
Viewer.KeyFrameSize: 0.05
Viewer.KeyFrameLineWidth: 1.0
Viewer.GraphLineWidth: 0.9
Viewer.PointSize: 2.0
Viewer.CameraSize: 0.08
Viewer.CameraLineWidth: 3.0
Viewer.ViewpointX: 0.0
Viewer.ViewpointY: -0.7
Viewer.ViewpointZ: -3.5
Viewer.ViewpointF: 500.0
